-2216.93
-2218.14
-2220.57
-2221.52
-2224.05
-2223.58
-2224.84
-2225.37
-2225.55
-2226.04
-2226.53
-2229.26
-2230.09
-2230.32
-2229.75
-2229.33
-2230.74
-2232.45
-2233.86
-2235.68
-2236.67
-2237.63
-2237.88
-2238.17
-2236.39
-2235.76
-2236.52
-2236.83
-2237.17
-2238.71
-2238.54
-2239.91
-2237.87
-2237.94
-2239.37
-2240.26
-2240.33
-2241.97
-2240.87
-2241.89
-2243.38
-2242.01
-2244.02
-2246.17
-2248.53
-2249.43
-2253.23
-2253.61
-2254.94
-2255.74
-2256.77
-2256.62
-2256.91
-2257.31
-2257
-2256.66
-2255.09
-2256
-2257.28
-2258.63
-2260.18
-2261.08
-2263.75
-2264.56
-2263.9
-2263.54
-2261.5
-2262.09
-2263.7
-2263.92
-2264.71
-2266.39
-2265.5
-2267.28
-2268.44
-2270.13
-2272.2
-2272.67
-2272.48
-2273.4
-2271.29
-2271.42
-2271.81
-2271.91
-2272.01
-2274.18
-2274.92
-2274.34
-2273.61
-2274.05
-2275.62
-2275.95
-2275.71
-2276.38
-2274.93
-2277.21
-2276.51
-2276.8
-2278.93
-2278.34
-2278.93
-2278.87
-2278.31
-2278.59
-2279.16
-2282.25
-2282.45
-2282.8
-2284.82
-2287.85
-2286.1
-2286.48
-2287.44
-2286.88
-2286.99
-2289.49
-2288.53
-2288.47
-2289.77
-2290.28
-2291.85
-2292.34
-2292.26
-2293.06
-2293.07
-2292.31
-2291.4
-2292.4
-2294.37
-2294.62
-2294.56
-2294.2
-2298.6
-2297.96
-2298.79
-2299
-2298.76
-2299.66
-2301.63
-2302.99
-2306.76
-2309.3
-2309.54
-2310.05
-2310.42
-2311.28
-2310.83
-2311.36
-2311.55
-2313.02
-2312.8
-2314.09
-2316.5
-2317.79
-2317.17
-2318.12
-2317.05
-2318.53
-2319.37
-2319.27
-2320.3
-2322.12
-2322.48
-2322.45
-2322.58
-2326.29
-2326.95
-2326.68
-2327.21
-2327.56
-2327.62
-2327.87
-2330.5
-2332.23
-2332.64
-2332.71
-2333.63
-2336.21
-2338.19
-2339.3
-2343.49
-2344.37
-2344.55
-2343.91
-2343.12
-2341.43
-2346.67
-2348.82
-2347.81
-2348.55
-2350.2
-2352.17
-2352.47
-2351.65
-2351.87
-2352.7
-2356.78
-2355.45
-2354.67
-2355.29
-2355.61
-2354.7
-2355.94
-2356.99
-2359.31
-2359.74
-2359.83
-2359.84
-2358.89
-2357.95
-2359.27
-2360.26
-2358.49
-2358.46
-2360.19
-2361.61
-2361.37
-2360.83
-2361.56
-2362.73
-2364.83
-2366.52
-2367.46
-2367.71
-2368.49
-2368.81
-2368.67
-2368.16
-2369.07
-2370.07
-2369.49
-2369.59
-2368.83
-2368.14
-2367.86
-2369.8
-2373.06
-2373.89
-2373.61
-2376.29
-2376.96
-2376.85
-2376.89
-2378.76
-2376.48
-2376.72
-2377.03
-2376.77
-2375.77
-2376.2
-2379.61
-2378.99
-2379.89
-2382.97
-2382.65
-2383.04
-2380.7
-2380.78
-2381.33
-2383.07
-2384.34
-2382.95
-2383.25
-2383.35
-2384.05
-2384.07
-2383.68
-2383.28
-2382.84
-2382.75
-2383.5
-2382.73
-2381.64
-2381.82
-2379.66
-2378.82
-2381.59
-2382.97
-2382.87
-2382.51
-2382.59
-2383.5
-2381.85
-2383.81
-2383.22
-2383.79
-2386.56
-2386.46
-2388
-2388.67
-2390.62
-2391.46
-2392.41
-2393.43
-2393.77
-2394.19
-2394.92
-2394.08
-2392.73
-2395.14
-2395.21
-2395
-2395.98
-2397.58
-2399.84
-2400.47
-2402.12
-2402
-2403.56
-2403.45
-2404.32
-2403.76
-2402.67
-2402.25
-2402.2
-2403.18
-2402.57
-2406.08
-2407.93
-2405.67
-2407.41
-2406.82
-2407.26
-2405.11
-2405.52
-2405.53
-2405.99
-2407.61
-2407.68
-2407.82
-2409.16
-2410.18
-2410.05
-2412.64
-2412.73
-2414.28
-2413.01
-2411.82
-2411.84
-2410.6
-2412.37
-2413.3
-2414.68
-2414.93
-2415.42
-2413.85
-2411.95
-2412.06
-2413.21
-2413.88
-2412.73
-2411.28
-2411.91
-2411.16
-2410.66
-2413.32
-2412.96
-2414.1
-2413.88
-2416.65
-2416.97
-2420.83
-2420.3
-2420.15
-2419.8
-2419.14
-2419.3
-2419.6
-2420.11
-2423.19
-2422.41
-2422.34
-2422.22
-2423.86
-2422.42
-2423.66
-2423.86
-2423.84
-2422.49
-2424.23
-2422.25
-2422.69
-2423.08
-2422.42
-2424.07
-2423.32
-2424.67
-2425.47
-2426.04
-2426.84
-2429.53
-2427.79
-2428.08
-2427.95
-2429.84
-2433.9
-2433.89
-2434.69
-2435.49
-2436.26
-2436.49
-2436.23
-2435.39
-2434.66
-2432.99
-2434.09
-2435.51
-2436.94
-2435.98
-2437.75
-2439.65
-2441.79
-2442.75
-2442.19
-2442.43
-2442.25
-2441.51
-2443.95
-2442.86
-2444.98
-2445.14
-2444.53
-2444.61
-2444.85
-2446.14
-2445.92
-2446.72
-2446.72
-2446.4
-2445.59
-2448.28
-2446.54
-2446.24
-2447.06
-2446.89
-2446.78
-2446
-2447.6
-2447.76
-2448.67
-2450.7
-2451.07
-2451.13
-2452.69
-2449.83
-2451.1
-2450.39
-2449.69
-2450.78
-2449.67
-2450.13
-2450.45
-2451.58
-2450.18
-2451.34
-2452.43
-2453.44
-2454.93
-2455.43
-2455.49
-2455.53
-2455.11
-2455.91
-2455.09
-2454.29
-2455.23
-2455.28
-2455.52
-2456.14
-2455.77
-2456.8
-2456.42
-2456.83
-2458.35
-2460.87
-2462.2
-2461.36
-2464.03
-2465.65
-2466.69
-2466.58
-2466.59
-2465.44
-2465.58
-2466.34
-2469.18
-2472.35
-2472.51
-2473.96
-2472.83
-2473.93
-2473.36
-2473.59
-2474.98
-2474.5
-2475.81
-2476.34
-2475.13
-2474.73
-2474.56
-2475.33
-2476.83
-2476.37
-2475.87
-2477.8
-2476.71
-2477.2
-2475.26
-2476.04
-2475.84
-2476.3
-2476.35
-2477.63
-2477.48
-2477.49
-2477.29
-2477.57
-2477.48
-2478.25
-2478.78
-2481.53
-2482.49
-2483.28
-2483.06
-2481.22
-2481.15
-2481
-2478.33
-2478.16
-2477.29
-2476.25
-2479.62
-2480.26
-2479.71
-2480.63
-2479.98
-2477.29
-2479.7
-2478.73
-2478.92
-2478.77
-2479.04
-2478.95
-2480.06
-2478.97
-2479.78
-2479.19
-2482.95
-2483.47
-2485.46
-2486.39
-2486.88
-2487.79
-2488.82
-2488.99
-2490.85
-2492.78
-2493.06
-2492.89
-2493.59
-2494.61
-2495.71
-2496.32
-2496.83
-2498.64
-2498.38
-2494.99
-2495.45
-2494.27
-2495.09
-2495.54
-2492.63
-2493.96
-2492.77
-2493.08
-2493.4
-2495.38
-2495.44
-2496.05
-2496.72
-2494.81
-2495.03
-2495.6
-2498.3
-2498.21
-2499.07
-2498.94
-2497.98
-2498.56
-2499.23
-2499.99
-2499.2
-2498.35
-2497.53
-2499.23
-2499.16
-2498.18
-2498.75
-2497.95
-2497.5
-2498.1
-2498.29
-2499.82
-2500.72
-2505.34
-2509.14
-2508.42
-2509.05
-2508.65
-2509.45
-2513.79
-2515.54
-2515.8
-2516.3
-2519.02
-2518.25
-2519.59
-2520.01
-2520.37
-2521.73
-2522.26
-2522.35
-2523.18
-2520.9
-2521.64
-2523.29
-2522.59
-2521.97
-2523.23
-2526.53
-2526.43
-2527.41
-2528.2
-2529.68
-2529.02
-2530.79
-2531.49
-2531.1
-2530.92
-2530.63
-2530.61
-2530.54
-2530.64
-2530.87
-2532.29
-2532.69
-2532.57
-2533.49
-2537.66
-2537.73
-2538.95
-2538.61
-2538.04
-2536.93
-2539.29
-2540.99
-2541.39
-2541.87
-2542.66
-2542.08
-2542.27
-2543.67
-2544.8
-2546.47
-2548.48
-2547.96
-2549.17
-2549.09
-2549.22
-2548.88
-2550.03
-2550.3
-2550.33
-2550.38
-2551.38
-2551.21
-2550.3
-2550.78
-2550.74
-2552.27
-2552.41
-2552.97
-2552.32
-2551.23
-2551.62
-2551.1
-2551.93
-2551.18
-2551.41
-2550.72
-2552.02
-2550.5
-2554.45
-2555.53
-2555.64
-2557.99
-2558.78
-2559.25
-2558.73
-2558.83
-2559.74
-2560.25
-2559.99
-2560.42
-2561.77
-2562.46
-2562.96
-2562.6
-2563.85
-2563.38
-2562.48
-2562.08
-2562.76
-2561.83
-2561.88
-2560.98
-2561.57
-2561.52
-2561.65
-2564.34
-2563.42
-2564.82
-2565.15
-2564.84
-2565.88
-2564.16
-2564
-2565.38
-2566.53
-2565
-2565.37
-2566.11
-2566.52
-2566.92
-2566.13
-2564.31
-2563.63
-2563.17
-2562.68
-2561.95
-2561.49
-2560.79
-2559.1
-2558.31
-2559.12
-2558.93
-2559.91
-2559.3
-2559.99
-2561.38
-2561.51
-2563.42
-2560.69
-2560.63
-2560.27
-2560.03
-2560.83
-2560.74
-2561.98
-2562.12
-2561.69
-2561.54
-2561.1
-2561.04
-2560.35
-2560.4
-2561.69
-2560.87
-2559.81
-2560.55
-2559.19
-2558.52
-2559.74
-2560.79
-2560.96
-2560.76
-2562.44
-2561.67
-2562.2
-2562.5
-2562.59
-2562.45
-2563.03
-2563.1
-2563.16
-2564.01
-2562.64
-2562.64
-2565.17
-2565.41
-2565.66
-2565.91
-2566.23
-2565.68
-2566.1
-2565.46
-2565.18
-2564.32
-2564.53
-2564.63
-2563.9
-2565.56
-2565.37
-2566.58
-2566.83
-2565.34
-2564.06
-2565.11
-2566.31
-2567.1
-2567.91
-2568.06
-2566.74
-2567.44
-2566.84
-2567.9
-2565.41
-2564.8
-2564.66
-2564.92
-2566.05
-2565.06
-2565.25
-2567.14
-2567.25
-2567.37
-2567.16
-2567.87
-2566.76
-2564.92
-2565.06
-2565.45
-2566.54
-2567.83
-2568.2
-2568.18
-2567.11
-2566.7
-2567.7
-2568.86
-2574.12
-2574.02
-2576.27
-2576.46
-2574.51
-2574.41
-2576.58
-2576.43
-2575.42
-2573.89
-2573.55
-2575.68
-2575.29
-2575.69
-2575.56
-2575.16
-2575.67
-2573.7
-2575.68
-2580.16
-2579.59
-2578.66
-2579.2
-2578.82
-2579.73
-2581.35
-2582.61
-2582.66
-2583.4
-2587.21
-2589.83
-2590.84
-2593.49
-2593
-2591.87
-2593.36
-2592
-2592.41
-2593.41
-2591.34
-2591.61
-2592.71
-2592.78
-2592.81
-2592.65
-2593.05
-2595.64
-2595.53
-2594.18
-2594.86
-2595.58
-2593.59
-2593.83
-2590.89
-2590.97
-2590.68
-2590.9
-2593.19
-2593.04
-2593.76
-2595.23
-2594.23
-2594.71
-2595.13
-2594.69
-2593.97
-2593.64
-2594.29
-2594.97
-2594.48
-2594.76
-2594.09
-2594.43
-2595.94
-2595.59
-2597.4
-2595.79
-2596.38
-2596.17
-2596.5
-2596.09
-2594.32
-2594.68
-2595.27
-2595.82
-2597.53
-2597.54
-2597.71
-2595.88
-2593.84
-2595
-2595.69
-2595.51
-2600.27
-2599.03
-2601.34
-2600.83
-2600.79
-2602.54
-2603.03
-2602.67
-2604.93
-2606.27
-2604.41
-2604.36
-2606.27
-2605.07
-2605.92
-2606.32
-2606.94
-2610.12
-2609.79
-2608.61
-2606.9
-2608.56
-2608.04
-2608.04
-2610.08
-2612.08
-2611.82
-2611.89
-2611
-2610.03
-2610.4
-2610.64
-2610.48
-2614.77
-2617.39
-2616.31
-2618.73
-2619.11
-2617.35
-2616.81
-2616.01
-2618.01
-2618.32
-2619.38
-2620.82
-2619.26
-2619.91
-2621.2
-2620.48
-2620.67
-2622.88
-2623.67
-2624.21
-2624.18
-2623.91
-2623.48
-2622.63
-2623.61
-2623.22
-2622.69
-2622.48
-2622.91
-2624.02
-2625.36
-2625.2
-2625.25
-2627.23
-2627.34
-2627.89
-2624.96
-2627.95
-2627.86
-2629.09
-2629.31
-2628.77
-2630.42
-2631.31
-2631.09
-2630.96
-2631.77
-2631.02
-2631.08
-2629.23
-2633.71
-2634.4
-2634.31
-2634.03
-2633.93
-2636.3
-2634.97
-2634.76
-2634.15
-2634.83
-2638.01
-2637.76
-2639.46
-2638.04
-2638.72
-2639.84
-2639.93
-2641.92
-2642.03
-2642.93
-2642.67
-2642.45
-2642.52
-2641.22
-2641.63
-2642.42
-2642.8
-2642.07
-2639.8
-2642.58
-2642.3
-2642.1
-2641.72
-2641.07
-2639.39
-2639.77
-2641.26
-2642.42
-2642.24
-2642.64
-2645.02
-2646.89
-2646.51
-2647.53
-2646.7
-2646.49
-2647.25
-2648.26
-2648.13
-2648.01
-2648.01
-2647.8
-2647.17
-2649.36
-2646.74
-2647.49
-2647.61
-2646.48
-2645.78
-2645.62
-2646.38
-2652.71
-2651.7
-2651.31
-2650.67
-2650.38
-2650.47
-2650.78
-2651.23
-2652.38
-2651.56
-2651.28
-2650.93
-2650.81
-2650.52
-2650.88
-2649.4
-2649.54
-2649.05
-2652.95
-2653.73
-2654.14
-2654.71
-2654.97
-2656.29
-2654.2
-2655.16
-2655.71
-2654.91
-2654.97
-2652.31
-2652.5
-2651.52
-2651.77
-2650.82
-2650.69
-2654.87
-2655.06
-2654.73
-2652.84
-2655.78
-2655.88
-2655.21
-2655.49
-2655.23
-2655.21
-2656.81
-2655.89
-2655.89
-2656.36
-2656.15
-2655.45
-2658.17
-2656.73
-2656.78
-2658.07
-2657.91
-2657.73
-2658.31
-2658.31
-2658.17
-2658.23
-2657.47
-2658.21
-2658.5
-2658.91
-2656.34
-2655.01
-2652.7
-2651.83
-2652.04
-2652.65
-2651.63
-2651.07
-2650.95
-2650.42
-2651.58
-2651.55
-2652.48
-2652.35
-2652.99
-2653.25
-2651.22
-2650.67
-2649.83
-2649.77
-2650.92
-2649.68
-2649.73
-2649.68
-2650.13
-2649.72
-2650.19
-2651.07
-2651.46
-2651.35
-2651.6
-2652.05
-2651.87
-2652.86
-2651.91
-2651.73
-2652.07
-2651.42
-2651.24
-2650.83
-2652.02
-2652.96
-2653.21
-2652.7
-2651.85
-2655.04
-2655.12
-2653.18
-2653.45
-2653.05
-2654.01
-2653.42
-2652.78
-2653.26
-2652.95
-2653.03
-2652.15
-2652.02
-2651.64
-2652.92
-2652.31
-2653.21
-2653.13
-2654.9
-2653.94
-2653.49
-2653.48
-2652.92
-2652.25
-2651.73
-2651.69
-2651.94
-2652.89
-2653.17
-2652.66
-2653.08
-2653.93
-2653.92
-2654
-2657.77
-2657.22
-2656.58
-2658.46
-2658.36
-2658.87
-2657.95
-2660.84
-2661.9
-2663.02
-2664.31
-2665.16
-2665.54
-2666.32
-2661.58
-2662.4
-2662.29
-2663.05
-2665.25
-2665.67
-2665.72
-2664.94
-2663.82
-2664.22
-2666.29
-2666.62
-2666.82
-2666.98
-2667.76
-2666.95
-2666.27
-2666.25
-2665.41
-2665.64
-2664.76
-2666.25
-2665.97
-2665.59
-2666.67
-2665.09
-2665.03
-2665.83
-2665.26
-2665.18
-2666.56
-2667
-2666.97
-2667.91
-2665.69
-2668.02
-2668.68
-2671.31
-2673.33
-2673.18
-2672.21
-2673.67
-2676.19
-2676.37
-2676.42
-2681.44
-2680.71
-2682.2
-2676.98
-2677.2
-2673.63
-2676.68
-2676.72
-2678.6
-2679.78
-2679.47
-2680.42
-2679.71
-2677.18
-2677.58
-2676.56
-2676.09
-2677.09
-2677
-2679.02
-2679.68
-2679.17
-2679.47
-2680.17
-2681.14
-2682.16
-2683.44
-2684.33
-2683
-2683.6
-2683.18
-2683.68
-2683.55
-2681.68
-2681.61
-2682.55
-2682.24
-2683.18
-2681.89
-2681.25
-2681.84
-2680.06
-2679.3
-2679.73
-2680.41
-2680.88
-2680.54
-2680.37
-2681.41
-2681.76
-2682.27
-2680.32
-2680.41
-2681.13
-2680.43
-2680.77
-2682.03
-2683.66
-2682.21
-2683.66
-2684.3
-2685.28
-2686.51
-2687.33
-2688.59
-2689.91
-2690.95
-2693.39
-2694.9
-2694.78
-2695.7
-2696.02
-2696.48
-2696.14
-2695.92
-2696.25
-2696.34
-2695.99
-2695.71
-2695.55
-2692.95
-2692.48
-2692.24
-2690.94
-2689.97
-2692.73
-2691.08
-2691.58
-2691.09
-2689.11
-2689.17
-2688.94
-2688.87
-2688.53
-2689.11
-2688.99
-2688.7
-2688.22
-2689.33
-2689.61
-2689.85
-2691.79
-2693.95
-2693.29
-2693.14
-2695.97
-2695.79
-2696.79
-2694.87
-2695.79
-2696.97
-2698.35
-2696.47
-2695.29
-2695.32
-2697.23
-2698.59
-2696.04
-2694.84
-2693.1
-2695.06
-2695.96
-2696.11
-2696.77
-2694.76
-2696.49
-2697.84
-2697.92
-2700.07
-2699.84
-2700.27
-2701.02
-2701.19
-2703.61
-2704.67
-2704.73
-2707.31
-2704.19
-2704.46
-2705.02
-2706.67
-2706.51
-2707.83
-2706.98
-2708.14
-2707.47
-2707.85
-2707.95
-2708.76
-2709.31
-2710.17
-2712.35
-2712.94
-2712.25
-2715.58
-2715.83
-2715.72
-2715.86
-2716.47
-2715.71
-2714.56
-2714.42
-2715.08
-2715.76
-2715.75
-2717.23
-2716.55
-2716.35
-2716.68
-2717.63
-2717.24
-2716.92
-2716.75
-2716.88
-2718.16
-2718.43
-2722.53
-2722.97
-2722.19
-2721.71
-2721.22
-2722.08
-2723.93
-2724.8
-2724.47
-2729.32
-2728.75
-2729.64
-2729.68
-2729.86
-2732.05
-2734.16
-2735.01
-2733.51
-2732.83
-2731.24
-2731.18
-2731.27
-2730.98
-2731.14
-2732.16
-2732.1
-2731.14
-2733.11
-2736.57
-2739.49
-2738.8
-2738.29
-2739.28
-2741.22
-2742.71
-2743.45
-2745.42
-2743.25
-2743.45
-2744.36
-2749.38
-2749.12
-2747.44
-2747.14
-2747.86
-2748.9
-2750.34
-2750.76
-2750.62
-2750.33
-2750.07
-2751.15
-2751
-2749.75
-2748.6
-2748.9
-2747.97
-2750.34
-2750.51
-2751.12
-2751.61
-2753.28
-2755.24
-2754.7
-2754.61
-2754.81
-2754.1
-2753.94
-2753.68
-2754.19
-2755.54
-2755.29
-2755.75
-2756.29
-2756.51
-2756.05
-2755.64
-2757.45
-2757.4
-2758.73
-2758.67
-2759.01
-2759.47
-2759.54
-2759.28
-2759.54
-2759.64
-2759.2
-2758.66
-2756.97
-2756.44
-2754.48
-2753.33
-2754.3
-2754.02
-2755.25
-2753.83
-2757.72
-2758.62
-2756.5
-2756.79
-2759.31
-2759.64
-2758.78
-2757.93
-2756.87
-2755.75
-2755.89
-2756.83
-2757.02
-2756.47
-2757.36
-2757.06
-2756.34
-2756.73
-2757.6
-2755.89
-2755.57
-2755.57
-2754.97
-2754.88
-2755.41
-2756.55
-2756.53
-2755.45
-2752.96
-2752.26
-2751.31
-2750.85
-2750.64
-2752.3
-2752.58
-2755.29
-2756.8
-2756.09
-2753.8
-2754.82
-2753.84
-2753.97
-2754.15
-2753.73
-2753.34
-2757.24
-2755.63
-2756.05
-2755.5
-2756.43
-2756.62
-2756.44
-2757.57
-2758.01
-2757.02
-2757
-2758.64
-2759.02
-2758.09
-2755.97
-2756.31
-2755.27
-2756.15
-2756.81
-2759.35
-2759.26
-2760.16
-2762.62
-2762.75
-2762.71
-2763.23
-2763.65
-2762.86
-2762.36
-2762.17
-2762.04
-2763.74
-2763.51
-2766.04
-2765.46
-2766.1
-2765.99
-2765.34
-2764.67
-2766.61
-2766.4
-2766.17
-2766.75
-2766.87
-2767.31
-2767.84
-2767.48
-2767.36
-2768.16
-2766.94
-2767.01
-2767.44
-2767.39
-2765.71
-2766.98
-2765.52
-2763.45
-2764.47
-2764.56
-2765.24
-2764.42
-2762.92
-2762.32
-2762.49
-2764.9
-2765.66
-2767.49
-2769.61
-2769.79
-2769.92
-2768.87
-2769.39
-2770.17
-2770.02
-2772
-2773.21
-2776.17
-2777.64
-2777.65
-2777.32
-2776.56
-2773.61
-2774.37
-2774.51
-2774.17
-2773.9
-2773.22
-2773.67
-2774.96
-2774.75
-2772.24
-2772.58
-2772.06
-2772.93
-2773.98
-2773.88
-2774.48
-2775.59
-2775.01
-2774.73
-2774.61
-2772.72
-2773.6
-2773.26
-2773.41
-2774.04
-2774.43
-2774.49
-2773.47
-2772.98
-2773.78
-2774.08
-2774.12
-2774.73
-2775.79
-2777.41
-2777.62
-2777.5
-2776.72
-2777.17
-2778.09
-2778.57
-2780.15
-2781.09
-2781
-2781.88
-2781.97
-2782.18
-2781.74
-2783.04
-2789.96
-2790.24
-2787.32
-2782.79
-2781.89
-2781.62
-2781.39
-2780.78
-2780.35
-2778.94
-2775.65
-2774.73
-2774.79
-2774.87
-2774.31
-2774.27
-2773.77
-2774.58
-2774.6
-2773.22
-2773.05
-2775.31
-2776.69
-2777.1
-2776.81
-2776.83
-2777.38
-2775.81
-2774.93
-2774.49
-2774.58
-2774.82
-2774.65
-2775.46
-2777.8
-2776.91
-2775.65
-2775.72
-2776.31
-2776.58
-2775.02
-2779.6
-2778.33
-2778.5
-2779.8
-2780.92
-2780.13
-2779.96
-2778.85
-2779.29
-2779.99
-2778.08
-2777.73
-2778.53
-2779.47
-2779.54
-2776.86
-2778.1
-2778.3
-2778.36
-2778.84
-2778.59
-2778.67
-2779.54
-2777.28
-2777.95
-2777.86
-2775.05
-2776.33
-2777.1
-2777.45
-2777.79
-2782.36
-2782.1
-2781.94
-2782.14
-2782.13
-2783.95
-2785.77
-2786.52
-2786.39
-2784.88
-2791.61
-2790.57
-2791.05
-2791.26
-2791.07
-2790.3
-2790.21
-2791.47
-2791.86
-2794
-2794.03
-2793.9
-2793.74
-2793.65
-2791.53
-2791.79
-2793.27
-2794.31
-2795.8
-2797.73
-2798.67
-2798.76
-2799.18
-2799.25
-2797.24
-2795.84
-2796.97
-2796.95
-2796.27
-2796.03
-2799.34
-2799.49
-2799.01
-2798.89
-2798.93
-2798.64
-2799.07
-2801.36
-2800.7
-2801.92
-2801.99
-2800.36
-2801.28
-2801.86
-2802.75
-2802.42
-2803.01
-2803.15
-2803.22
-2803.46
-2802.12
-2802.52
-2806.71
-2806.84
-2806.56
-2805.04
-2806.46
-2807.26
-2806.69
-2806.79
-2808.34
-2810.67
-2811.65
-2810.36
-2810.6
-2812.77
-2813.08
-2813.37
-2812.93
-2815.42
-2815.57
-2816.93
-2817.86
-2818.74
-2819.61
-2819.91
-2820.9
-2820.67
-2820.05
-2820.23
-2820.22
-2821
-2822.2
-2820.81
-2820.42
-2822.15
-2822.52
-2823.39
-2822.95
-2823.15
-2824.06
-2823.85
-2824.84
-2823.27
-2819.5
-2818.47
-2817.44
-2819.01
-2818.99
-2818.34
-2819.43
-2819.73
-2820.21
-2814.98
-2816
-2816.62
-2816.93
-2816.65
-2816.81
-2817.16
-2817.39
-2818.2
-2819.17
-2819.63
-2820.8
-2819.78
-2819.21
-2820.11
-2819.67
-2819.12
-2817.81
-2818.53
-2819.69
-2821.15
-2819.42
-2819.38
-2823.18
-2821.95
-2826.33
-2826.14
-2828.35
-2825.8
-2825.38
-2825.42
-2826.05
-2829.46
-2831.53
-2830.55
-2831.03
-2834.2
-2834.08
-2838.01
-2838.99
-2838.93
-2838.49
-2840.08
-2840.57
-2840.43
-2839.73
-2840.76
-2839.73
-2840.09
-2840.54
-2839.73
-2837.28
-2837.86
-2837.95
-2837.96
-2837.27
-2839.74
-2840.05
-2842.74
-2842.63
-2844.69
-2845.91
-2844.45
-2844.69
-2844.2
-2843.71
-2843.23
-2842.58
-2841.16
-2839.43
-2841.76
-2845.62
-2844.71
-2841.28
-2841.69
-2842.45
-2843.55
-2846.91
-2846.45
-2849.89
-2850.43
-2851.64
-2854.08
-2853.24
-2852.99
-2853.16
-2854.55
-2854.75
-2853.57
-2851.5
-2852.96
-2853.76
-2853.81
-2854.67
-2855.37
-2855.98
-2856.16
-2856.19
-2854.96
-2853.66
-2853.41
-2851.7
-2853.04
-2851.45
-2853.37
-2857.54
-2856.85
-2859.97
-2861.9
-2861.74
-2863.6
-2864.04
-2864.54
-2866.04
-2866.29
-2865.94
-2863.66
-2863.3
-2864.75
-2865.84
-2865.71
-2865.16
-2867.73
-2867.81
-2867.48
-2869.65
-2871.62
-2871.59
-2871.98
-2872.15
-2872.04
-2872.59
-2873.88
-2873.84
-2873.01
-2872.15
-2871.85
-2872.15
-2871.75
-2871.8
-2874.47
-2874.7
-2871.46
-2871.13
-2871.79
-2868.66
-2869.4
-2869.33
-2869.84
-2869.24
-2870.68
-2870.23
-2869.8
-2869.91
-2872.05
-2872
-2875.32
-2874.11
-2871.65
-2871.43
-2871.64
-2870.62
-2870.25
-2871.98
-2870.71
-2870.01
-2870.81
-2871.91
-2872.39
-2871.41
-2871.1
-2871.91
-2871.31
-2872.38
-2868.84
-2868.98
-2868.98
-2869.73
-2872.02
-2872.95
-2872.07
-2869.65
-2869.72
-2870.17
-2870.2
-2870.06
-2866.94
-2866.84
-2868.59
-2869.17
-2868.48
-2868.62
-2869.36
-2871.75
-2872.2
-2872.52
-2874.28
-2874.12
-2873.9
-2873.71
-2873.33
-2872.15
-2872.04
-2872.2
-2871.88
-2871.76
-2868.52
-2869.41
-2869.23
-2868.78
-2869.46
-2869.3
-2870.08
-2868.34
-2867.49
-2868.23
-2868.04
-2868.58
-2866.59
-2868.08
-2867.45
-2866.62
-2867.34
-2867.34
-2869.02
-2869.11
-2869.41
-2869.25
-2868.65
-2868.12
-2866.53
-2865.7
-2865.42
-2865.87
-2865.47
-2866.12
-2873.88
-2873.52
-2873.5
-2871.89
-2871.23
-2871.95
-2871.54
-2873.83
-2874.32
-2873.37
-2872.85
-2876.71
-2876.93
-2878.56
-2877.93
-2882.45
-2880.01
-2879.59
-2880.12
-2881.13
-2879.81
-2880.53
-2880.41
-2879.73
-2879.73
-2879.61
-2881.23
-2881.75
-2882.35
-2881.11
-2882.67
-2882.33
-2882.3
-2880.41
-2879.42
-2880.13
-2880.67
-2881.3
-2879.36
-2878.99
-2878.31
-2877.56
-2879.39
-2880.39
-2881.18
-2880.55
-2879.86
-2881.32
-2881.54
-2882.94
-2882.71
-2885.59
-2887.5
-2887.32
-2887.07
-2886.67
-2887.31
-2887.81
-2890.01
-2891.33
-2892.48
-2893.11
-2892.24
-2893.8
-2894.85
-2894
-2894.63
-2892.89
-2894.84
-2894.49
-2897.14
-2895.9
-2894.48
-2895.82
-2895.6
-2895.62
-2889.02
-2889.43
-2889.87
-2889.28
-2890.92
-2890.99
-2891.07
-2891.47
-2893.19
-2889.65
-2889.49
-2889.93
-2889.59
-2891.11
-2891.68
-2895.89
-2897.13
-2895.24
-2897.33
-2897.65
-2898.53
-2897.83
-2897.25
-2897.82
-2897.85
-2896.46
-2896.62
-2897.01
-2897.25
-2898.14
-2898.86
-2897.33
-2897.76
-2897.01
-2896.62
-2896.41
-2894.59
-2892.58
-2892.22
-2891.29
-2889.77
-2889.11
-2891.36
-2890.06
-2890.07
-2891.23
-2891.26
-2890.7
-2890.45
-2889.46
-2888.56
-2888.64
-2891.14
-2888.66
-2888.35
-2888.91
-2890.73
-2890.07
-2888.37
-2891.19
-2890.79
-2892.15
-2892.43
-2891.79
-2892.43
-2892.1
-2890.88
-2891.73
-2891.53
-2892.6
-2893.01
-2892.94
-2893.43
-2893.26
-2893.8
-2895.27
-2896.58
-2896.51
-2896.06
-2895.82
-2896.05
-2896.74
-2895.09
-2896.82
-2896.58
-2897.19
-2895.68
-2895.22
-2894.85
-2894.89
-2895.29
-2896.56
-2897.42
-2898.2
-2898.27
-2897.85
-2897.94
-2896.49
-2896.39
-2894.85
-2896.32
-2895.05
-2896.12
-2894.24
-2893.76
-2894.48
-2895.12
-2895.15
-2896.31
-2895.77
-2895.51
-2896.81
-2898.2
-2897.84
-2898.82
-2898.11
-2895.5
-2897.53
-2896.94
-2896.35
-2895.92
-2896.29
-2896.74
-2896.08
-2897.95
-2896.77
-2895.32
-2895.85
-2896.01
-2898.64
-2899.59
-2900.44
-2900.14
-2900.64
-2900.36
-2900.56
-2899.61
-2901.96
-2901.85
-2903.38
-2902.59
-2903.81
-2904.05
-2904.22
-2904
-2905.79
-2905.76
-2905.8
-2905.71
-2906.29
-2905.25
-2906.42
-2905.19
-2904.73
-2904.02
-2905.91
-2909.9
-2910.71
-2910.57
-2911.17
-2910.12
-2910.36
-2910.32
-2910.48
-2910.11
-2910.56
-2909.5
-2909.36
-2908.63
-2909.5
-2908.47
-2908.52
-2907.99
-2906.37
-2905.34
-2906.95
-2906.05
-2906.2
-2906.51
-2906.69
-2907.19
-2906.99
-2906.58
-2906.45
-2906.34
-2906.61
-2907.64
-2906.97
-2907.4
-2906.64
-2906.78
-2907.08
-2907.12
-2908.06
-2908.15
-2907.16
-2909.4
-2909.82
-2909.56
-2909.55
-2909.1
-2909.08
-2910.4
-2910.18
-2910.75
-2910.03
-2910.94
-2910.98
-2914.52
-2915.54
-2916.16
-2917.18
-2917.67
-2918.85
-2919.48
-2919.32
-2919.53
-2919.69
-2919.9
-2919.87
-2919.37
-2919.33
-2919.26
-2921.13
-2921.67
-2923.11
-2921.8
-2922
-2922.14
-2921.32
-2920.93
-2920.26
-2921.05
-2921.41
-2920.82
-2919.84
-2918.87
-2919.28
-2919.47
-2918.09
-2917.73
-2918.39
-2918.35
-2918.75
-2917.43
-2918.93
-2919.25
-2914.53
-2914.47
-2914.57
-2917.26
-2919.2
-2919.96
-2920.24
-2921.09
-2921.16
-2919.78
-2918.04
-2917.14
-2919.58
-2919.9
-2919.53
-2919.54
-2918.4
-2917.87
-2914.58
-2915.32
-2913.31
-2913.68
-2913.83
-2914.05
-2914.16
-2915.31
-2913.57
-2915.14
-2913.6
-2912.92
-2912.93
-2911.34
-2912.11
-2913.71
-2914.36
-2914.03
-2912.67
-2913.92
-2913.56
-2912.58
-2913.89
-2913.59
-2913.51
-2914.3
-2916.97
-2916.31
-2916.81
-2916.84
-2918.54
-2920.36
-2920.55
-2920.21
-2920.77
-2919.7
-2919.04
-2922
-2922.78
-2922.89
-2922.97
-2923.41
-2923.65
-2923.78
-2924.34
-2923.19
-2923.89
-2925
-2924.83
-2924.92
-2924.73
-2924.77
-2924.59
-2923.99
-2923.87
-2923.32
-2922.37
-2922.42
-2923.03
-2922.73
-2922.18
-2925.68
-2927.14
-2928
-2927.24
-2928.16
-2927.75
-2928.63
-2930.37
-2929.7
-2926.06
-2926.54
-2926.59
-2926.39
-2926.91
-2926.4
-2927.1
-2925.8
-2925.97
-2926.21
-2925.47
-2924.88
-2924.72
-2924.33
-2922.82
-2924.48
-2924.14
-2927.18
-2927.88
-2927.13
-2927.44
-2930.72
-2931.46
-2931.6
-2934.98
-2935.05
-2935.14
-2935.1
-2935.74
-2936
-2937.11
-2937.2
-2936.76
-2935.95
-2936.45
-2936.57
-2937.31
-2935.74
-2936.3
-2936.45
-2936.54
-2935.56
-2935.78
-2937.25
-2938.68
-2943.42
-2942.59
-2942.53
-2942.9
-2942.58
-2943.06
-2941.21
-2942.4
-2941.32
-2941.65
-2941.76
-2941.97
-2943.31
-2942.57
-2942.77
-2943.01
-2942.14
-2941.79
-2942.64
-2940.92
-2940.79
-2940.72
-2940.59
-2939.07
-2937.64
-2937.78
-2937.15
-2936.39
-2936.11
-2935.63
-2936.13
-2937.63
-2937.75
-2937.97
-2936.68
-2936.74
-2933.91
-2934.17
-2933.74
-2932.35
-2935.02
-2935.38
-2934.68
-2934.83
-2935.7
-2938.11
-2938.94
-2938.61
-2937.59
-2937.32
-2936.23
-2936.42
-2938.37
-2937.9
-2939.64
-2937.75
-2937.76
-2938.64
-2938.44
-2938.38
-2936.92
-2935.75
-2935.01
-2935.95
-2934.21
-2934.21
-2933.79
-2935.06
-2935.44
-2935.62
-2932.03
-2933.37
-2933.44
-2933.06
-2933.62
-2933.89
-2932.7
-2932.05
-2931.49
-2931.35
-2933.65
-2933.91
-2934.53
-2935.58
-2935.75
-2935.98
-2935.97
-2936.48
-2936.71
-2936.86
-2937.46
-2938.15
-2938.54
-2939.66
-2939.54
-2939.74
-2941.63
-2942.21
-2938.7
-2937.33
-2935.45
-2934.99
-2934.85
-2934.25
-2934.46
-2933.16
-2936.1
-2935.76
-2935.44
-2931.84
-2932.22
-2931.03
-2931.41
-2931.11
-2932.07
-2931.45
-2933.04
-2932.9
-2931.92
-2933.61
-2933.12
-2934.59
-2935.1
-2936.73
-2936.38
-2934.74
-2935.61
-2936.23
-2935.16
-2934.08
-2934.92
-2935.41
-2935.19
-2936.97
-2938.03
-2935.73
-2937.12
-2936.33
-2937.05
-2934.86
-2937.33
-2937.85
-2938.41
-2937.77
-2937.55
-2938.22
-2940.23
-2938.9
-2939.68
-2944.11
-2949.24
-2948.96
-2951.91
-2952.26
-2953.74
-2954.19
-2953.6
-2951.56
-2953.18
-2953.36
-2954.24
-2952.63
-2953.09-2219.45
-2221.21
-2222.12
-2220.35
-2221.92
-2222.64
-2224.12
-2225.5
-2226.01
-2228.18
-2229.78
-2231.29
-2234.42
-2235.62
-2235.05
-2236.39
-2238.05
-2238.58
-2240.62
-2241.09
-2241.06
-2243.4
-2243.27
-2243.38
-2245.7
-2246.76
-2246.07
-2247.08
-2247.91
-2247.36
-2248.38
-2248.92
-2248.54
-2249.02
-2249.81
-2250.19
-2250.21
-2249.5
-2248.17
-2248.89
-2248.31
-2248.18
-2248.3
-2249.77
-2251.43
-2251.85
-2252.56
-2253.52
-2254.96
-2254.68
-2255.04
-2255.45
-2256.34
-2255.77
-2256.04
-2257.32
-2257.58
-2260.63
-2261.72
-2262.05
-2262.93
-2263.15
-2264.69
-2265.78
-2268.21
-2267.53
-2266.65
-2264.94
-2264.12
-2264.85
-2264.47
-2265.54
-2263.3
-2265.08
-2265.21
-2265.49
-2266.5
-2267.2
-2267.62
-2269.37
-2270.96
-2271.03
-2271.22
-2270.33
-2271.14
-2272.04
-2269.64
-2269.12
-2270.64
-2270.28
-2271.4
-2271.78
-2270.36
-2272.05
-2272.34
-2273.48
-2273.15
-2273.96
-2272.9
-2272.83
-2273.59
-2274.88
-2275.95
-2276.33
-2276.65
-2278.37
-2277.73
-2280.6
-2280.94
-2281.25
-2281.53
-2280.76
-2279.48
-2279.93
-2279.98
-2280.21
-2281.21
-2281.79
-2281.85
-2282.01
-2281.3
-2281.34
-2281.04
-2282.17
-2281.69
-2284.34
-2285.5
-2286.57
-2286.83
-2288.36
-2288.73
-2288.12
-2286.58
-2287.45
-2286.99
-2289.55
-2293.94
-2294.79
-2295.2
-2295.06
-2296.45
-2299.34
-2301.56
-2302.3
-2304.19
-2303.91
-2304.27
-2307.07
-2307.21
-2307.81
-2307.85
-2305.93
-2306.93
-2309.13
-2309
-2311.05
-2310.94
-2310.9
-2311.41
-2312.86
-2312.98
-2312.57
-2314.76
-2316.3
-2317.44
-2315.86
-2316.37
-2316.43
-2316.01
-2317.88
-2317.61
-2319.94
-2323.35
-2322.94
-2323.24
-2325.95
-2327.1
-2329.15
-2331.32
-2331.33
-2331.57
-2332.23
-2332.52
-2335.96
-2335.44
-2335.35
-2335.46
-2335.05
-2335.68
-2335.83
-2338.91
-2338.63
-2340.85
-2341.01
-2340.03
-2339.7
-2341.07
-2340.95
-2340.85
-2340.98
-2342.33
-2339.87
-2338.82
-2338.56
-2337.07
-2337.31
-2338.25
-2338.26
-2340
-2340.24
-2340.21
-2345.92
-2347.02
-2348.34
-2347.88
-2348.05
-2348.63
-2348.4
-2348.67
-2349.11
-2349.81
-2347.65
-2346.04
-2344.55
-2347.25
-2346.83
-2347.34
-2349.06
-2348.18
-2348.87
-2350.56
-2351.55
-2350.49
-2349.5
-2349.91
-2349.52
-2349.88
-2346.44
-2345.12
-2347.05
-2351.1
-2351.09
-2349.14
-2350.66
-2351.89
-2353.44
-2356.31
-2357.44
-2355.96
-2356.78
-2356.44
-2357.55
-2356.96
-2356.76
-2358.8
-2359.34
-2359.78
-2357.67
-2356.21
-2358.37
-2359.52
-2358.12
-2357.69
-2358.18
-2358.09
-2361.22
-2364
-2363.48
-2363.28
-2364.88
-2364.56
-2364.71
-2364.63
-2370.14
-2370.6
-2371.63
-2371.97
-2371.8
-2372.8
-2377.57
-2377.51
-2379.09
-2379.1
-2381.78
-2385.67
-2384.43
-2384.45
-2384.79
-2384.57
-2385.65
-2387.2
-2387
-2388.52
-2389.52
-2390.16
-2390.26
-2392.13
-2394.09
-2392.14
-2393.38
-2392.3
-2390.93
-2390.55
-2389.59
-2390.22
-2390.25
-2390.27
-2390.14
-2389.59
-2392.15
-2392.53
-2392.66
-2392.93
-2393.6
-2393.12
-2394.66
-2394.09
-2392.04
-2391.43
-2392.84
-2392.64
-2393.03
-2393.84
-2397.12
-2398.26
-2396.08
-2394.25
-2395.19
-2394.77
-2393.91
-2394.25
-2394.68
-2395.5
-2395.03
-2396.36
-2398.07
-2396.24
-2395.2
-2394.3
-2395.53
-2395.93
-2397.07
-2397.98
-2400.86
-2400.84
-2401.17
-2403.41
-2404.35
-2404.84
-2406.57
-2406.1
-2405.71
-2405.39
-2404.64
-2405.26
-2408.71
-2408.48
-2408.73
-2409.59
-2409.48
-2411.31
-2414.03
-2413.86
-2414.84
-2414.68
-2413.61
-2413.88
-2413.63
-2414.96
-2416.01
-2415.88
-2416.17
-2417.34
-2417.38
-2420.78
-2419.82
-2419.56
-2419.91
-2422.01
-2421.48
-2422.45
-2420.99
-2423.69
-2423.88
-2426.03
-2425.52
-2425.31
-2425.27
-2426.98
-2429.11
-2428.84
-2431.1
-2431.78
-2433.3
-2433.42
-2434.41
-2433.93
-2433.29
-2434.65
-2438.32
-2438.6
-2439.86
-2439.1
-2439.13
-2439.6
-2440.61
-2444.27
-2444.44
-2441.12
-2440.94
-2439.07
-2440.54
-2440.23
-2440.11
-2439.96
-2440.12
-2439.09
-2439.32
-2439.54
-2439.67
-2439.95
-2440.6
-2440.92
-2441.43
-2441.08
-2442.74
-2442.94
-2442.85
-2445.05
-2446.46
-2446.61
-2446.56
-2444.44
-2445.53
-2445.48
-2445.85
-2445.34
-2444.01
-2445.53
-2445.42
-2447.91
-2447.56
-2447.45
-2447.95
-2448.36
-2448.78
-2448.19
-2448.11
-2448.15
-2448.85
-2449.61
-2451.49
-2451.43
-2452.96
-2452.33
-2453.42
-2454.4
-2453.09
-2453.01
-2454.26
-2454.46
-2455.55
-2456.78
-2456.64
-2457.54
-2457.96
-2457.97
-2457.96
-2457.98
-2458.12
-2461.06
-2461.12
-2461.23
-2463.39
-2463.76
-2467
-2466.16
-2468.38
-2468.47
-2468.19
-2468.47
-2468.5
-2468.11
-2466.55
-2466.22
-2467.49
-2467.36
-2466.53
-2465.95
-2465.97
-2467.27
-2466.79
-2469.22
-2470.04
-2470.24
-2470.94
-2471.01
-2473.72
-2474.7
-2474.63
-2475.28
-2474.17
-2477.53
-2476.66
-2477.83
-2477.43
-2477.34
-2476.56
-2475.41
-2478.22
-2478.7
-2478.84
-2479.31
-2481.83
-2482.03
-2484.15
-2484.22
-2486.03
-2487.9
-2487.54
-2487.62
-2488.41
-2485.7
-2485.96
-2486.81
-2486.71
-2488.28
-2487.54
-2487.76
-2487.95
-2489.19
-2491.15
-2489.81
-2491.55
-2490.31
-2489.8
-2490.21
-2490.81
-2491.79
-2490.44
-2490.65
-2490.63
-2490.65
-2490.55
-2490.9
-2492.8
-2491.48
-2491.04
-2489.46
-2489.42
-2490.81
-2492.89
-2492.98
-2490.36
-2491.85
-2492.32
-2492.91
-2492.63
-2490.03
-2489.68
-2490.12
-2489.1
-2490.59
-2494.03
-2492.94
-2494.26
-2495.68
-2495.12
-2496.5
-2495.38
-2497.77
-2497.43
-2497.82
-2497.3
-2497.96
-2498.49
-2498.33
-2497.67
-2499.51
-2504.91
-2503.51
-2504.92
-2505.08
-2505.88
-2506.37
-2505.07
-2507.08
-2507.07
-2507.51
-2508.92
-2509.78
-2507.86
-2507.77
-2511.54
-2510.53
-2510.77
-2511.33
-2512.9
-2512.81
-2513.36
-2514
-2514.3
-2516.02
-2516.95
-2519.59
-2521.19
-2522.77
-2523.97
-2525.65
-2526.17
-2526.34
-2525.78
-2525.66
-2526.03
-2524.33
-2524.36
-2525.41
-2526.38
-2526.57
-2526.62
-2526.76
-2527.53
-2523.59
-2523.63
-2524.69
-2523.49
-2521.98
-2521.71
-2521.5
-2522.37
-2520.24
-2520.56
-2519.47
-2519.05
-2518.58
-2518.01
-2520.41
-2521.13
-2519.26
-2521.09
-2525.9
-2525.96
-2525.83
-2530.51
-2530.9
-2532.64
-2534.86
-2533.39
-2532.36
-2533.89
-2540.62
-2541.09
-2541.85
-2541.76
-2541.55
-2540.43
-2541.23
-2541.05
-2541.89
-2542.19
-2542.26
-2542.39
-2543.16
-2543
-2542.33
-2541.66
-2542.42
-2546.76
-2547.96
-2548.64
-2549.15
-2550.61
-2550.36
-2550.01
-2552.45
-2552.71
-2554.56
-2553.75
-2555.49
-2555.62
-2555.17
-2553.61
-2549.11
-2547.63
-2547.91
-2548.97
-2549.21
-2548.41
-2547.53
-2547.07
-2549
-2548.6
-2549.97
-2551.18
-2552.1
-2552.75
-2554.74
-2556.8
-2556.83
-2556.69
-2556.17
-2555.97
-2557.9
-2560.46
-2560.58
-2561.75
-2561.76
-2561.18
-2560.79
-2559.73
-2560.07
-2558.34
-2558.99
-2559.16
-2559.12
-2561.3
-2559.73
-2559.51
-2559.21
-2558.27
-2556.59
-2557.43
-2558.14
-2558.62
-2554.27
-2555
-2554.1
-2554.27
-2554.88
-2556.51
-2559.58
-2559
-2559.69
-2560.22
-2560.73
-2560.73
-2562.92
-2563.32
-2562.19
-2563.07
-2563.05
-2563.18
-2562.67
-2561.11
-2561.19
-2560.83
-2560.65
-2560.68
-2560.49
-2561.94
-2561.46
-2560.5
-2558.87
-2559.81
-2560.22
-2558.67
-2558.48
-2557.33
-2557.21
-2556.94
-2557.2
-2558.65
-2560.7
-2562.57
-2565.79
-2566.42
-2568.26
-2570.48
-2572.19
-2576.12
-2576.52
-2574.17
-2576.95
-2578.35
-2577.89
-2578.57
-2576.94
-2577.23
-2575.86
-2575.58
-2575.86
-2576.19
-2576.17
-2575.76
-2577.31
-2576.12
-2577.06
-2575.5
-2579.35
-2580.78
-2578.05
-2576.41
-2576.42
-2576.29
-2574.55
-2574.47
-2575.8
-2575.17
-2574.78
-2573.27
-2573.7
-2574.12
-2573.25
-2573.52
-2573.3
-2573.54
-2574.78
-2573.15
-2574.73
-2575.67
-2575.4
-2576.37
-2578.28
-2578.13
-2576.19
-2575.99
-2577.82
-2578.03
-2582.22
-2582
-2581.45
-2582.48
-2581.82
-2582.26
-2582.43
-2582.08
-2580.5
-2580.71
-2581.05
-2581.31
-2582.47
-2583.73
-2582.29
-2582.96
-2583.9
-2584.3
-2583.89
-2583.15
-2582.87
-2582.87
-2582.64
-2583.23
-2580.69
-2579.35
-2580.5
-2583.37
-2584.64
-2583.63
-2585.27
-2585.63
-2584.33
-2584.7
-2583.57
-2583.58
-2583.36
-2583.98
-2585.79
-2587.3
-2590.04
-2591.12
-2590.99
-2594.1
-2595.49
-2596.45
-2596.34
-2598.26
-2598.44
-2597.4
-2596.45
-2596.3
-2595.01
-2595.58
-2595.24
-2596.68
-2595.1
-2597.27
-2597.2
-2595.72
-2595.78
-2595.9
-2596.01
-2596.03
-2596.69
-2595.7
-2596.23
-2597.26
-2600.25
-2602.18
-2603.13
-2602.91
-2603.07
-2603.14
-2600
-2599.49
-2598.45
-2599.17
-2599.24
-2596.55
-2598.42
-2599.52
-2600.47
-2600.14
-2600.7
-2597.28
-2597.76
-2598.33
-2598.98
-2600.07
-2604.26
-2604.07
-2604.06
-2606.49
-2608.1
-2605.24
-2605.28
-2605.91
-2607.72
-2607.41
-2607.3
-2609.77
-2608.69
-2609.6
-2606.49
-2606.98